	Australia	Barbados	China	Colombia	Colorado	France	Kenya
Australia	0.00000000	1.00000000	0.40870755	0.90084746	0.79222798	0.83718400	0.58765123
Barbados	1.00000000	0.00000000	0.79448918	0.10343434	0.29516113	0.37685482	0.59812442
China	0.40870755	0.79448918	0.00000000	0.85203291	0.61867632	0.44654416	0.43681736
Colombia	0.90084746	0.10343434	0.85203291	0.00000000	0.26397324	0.47338354	0.69391019
Colorado	0.79222798	0.29516113	0.61867632	0.26397324	0.00000000	0.45006685	0.78932332
France	0.83718400	0.37685482	0.44654416	0.47338354	0.45006685	0.00000000	0.34097061
Kenya	0.58765123	0.59812442	0.43681736	0.69391019	0.78932332	0.34097061	0.00000000
