	hainan	hubei	yunnan	guangdong	jiangsu	zhejiang	hunan	sichuan	shaanxi	heilongjiang	jiangxi	henan	shanxi	tibet	anhui	guizhou	shanghai	ningxia	california	cambodia	sweden	australia	tunisia	greece	belgium	burkina_faso	united_kingdom
hainan	0.00000000	0.09544077	0.08404760	0.03929173	0.12390264	0.10337796	0.07072838	0.10869567	0.12692672	0.23972082	0.07688349	0.11748001	0.14347111	0.18268969	0.10890659	0.07136007	0.11989315	0.14476753	0.77787820	0.05861827	0.55432001	0.35216237	0.65358806	0.57331337	0.63199926	0.78360655	0.64891449
hubei	0.09544077	0.00000000	0.08196830	0.05906215	0.04912014	0.05441059	0.02479349	0.06007681	0.03714517	0.15059828	0.03297309	0.02286440	0.04810988	0.15052062	0.03166395	0.04582766	0.06044852	0.05882390	0.70152063	0.14254212	0.47712915	0.43556750	0.60375692	0.52229376	0.56109478	0.75495283	0.57156210
yunnan	0.08404760	0.08196830	0.00000000	0.08059205	0.13067551	0.12801217	0.06958931	0.04177511	0.08766922	0.22521062	0.09516116	0.10072479	0.11365166	0.09872469	0.11265683	0.03782558	0.13899084	0.09399491	0.77834377	0.09348750	0.47538122	0.43063251	0.56974905	0.48932409	0.55007627	0.70443443	0.56938224
guangdong	0.03929173	0.05906215	0.08059205	0.00000000	0.08476269	0.06604858	0.03576748	0.08924077	0.09385853	0.20043084	0.03760837	0.07989251	0.10695056	0.17529730	0.06962320	0.05145175	0.08207239	0.11383095	0.74101804	0.09500268	0.53048055	0.37886837	0.64379265	0.56257496	0.61173055	0.78412710	0.62520846
jiangsu	0.12390264	0.04912014	0.13067551	0.08476269	0.00000000	0.02867553	0.06466594	0.10752247	0.06791519	0.11662376	0.04729381	0.03803098	0.05546632	0.19508658	0.01817439	0.09352251	0.01890013	0.08694159	0.65869688	0.17890498	0.48954776	0.43502933	0.63190983	0.55102552	0.57721212	0.79023362	0.58238644
zhejiang	0.10337796	0.05441059	0.12801217	0.06604858	0.02867553	0.00000000	0.05842287	0.11390201	0.08476020	0.14209743	0.03348749	0.05530091	0.07934963	0.20486138	0.02868602	0.09029739	0.01675172	0.10597380	0.67504722	0.16086046	0.51626529	0.40643311	0.65366227	0.57241123	0.60316097	0.80818037	0.60953625
hunan	0.07072838	0.02479349	0.06958931	0.03576748	0.06466594	0.05842287	0.00000000	0.06160162	0.05809370	0.17377226	0.02601937	0.04734514	0.07274276	0.15246447	0.04667356	0.03193586	0.07003727	0.07822402	0.72247262	0.11856106	0.49583181	0.41442259	0.61507536	0.53362513	0.57815513	0.76125259	0.59049829
sichuan	0.10869567	0.06007681	0.04177511	0.08924077	0.10752247	0.11390201	0.06160162	0.00000000	0.05036892	0.18807686	0.08599467	0.07161474	0.07698153	0.09144558	0.09122413	0.03853281	0.12044624	0.05268738	0.74012803	0.13225831	0.44564437	0.46079540	0.55490101	0.47357810	0.52433630	0.69965675	0.54027341
shaanxi	0.12692672	0.03714517	0.08766922	0.09385853	0.06791519	0.08476020	0.05809370	0.05036892	0.00000000	0.13809260	0.06986279	0.03027866	0.02662328	0.12885196	0.05658458	0.06225548	0.08490845	0.02192553	0.69091151	0.16660627	0.43998403	0.47212143	0.56925419	0.48790714	0.52411637	0.72385677	0.53442281
heilongjiang	0.23972082	0.15059828	0.22521062	0.20043084	0.11662376	0.14209743	0.17377226	0.18807686	0.13809260	0.00000000	0.16288355	0.12807964	0.11166183	0.24842712	0.13082007	0.19438531	0.12594353	0.13900337	0.55315449	0.29221287	0.42284030	0.53352262	0.59536065	0.52011701	0.51425582	0.76723003	0.50853822
jiangxi	0.07688349	0.03297309	0.09516116	0.03760837	0.04729381	0.03348749	0.02601937	0.08599467	0.06986279	0.16288355	0.00000000	0.04755729	0.07558097	0.17737957	0.03219814	0.05781345	0.04727205	0.09168982	0.70515687	0.13170281	0.50964726	0.40473696	0.63603844	0.55455404	0.59397122	0.78509738	0.60395933
henan	0.11748001	0.02286440	0.10072479	0.07989251	0.03803098	0.05530091	0.04734514	0.07161474	0.03027866	0.12807964	0.04755729	0.00000000	0.02802438	0.15723013	0.02669387	0.06679247	0.05463272	0.05078199	0.67990563	0.16540627	0.46410396	0.45216150	0.59836551	0.51713134	0.54975392	0.75401460	0.55806894
shanxi	0.14347111	0.04810988	0.11365166	0.10695056	0.05546632	0.07934963	0.07274276	0.07698153	0.02662328	0.11166183	0.07558097	0.02802438	0.00000000	0.15116013	0.05128176	0.08516968	0.07425994	0.03570507	0.66470680	0.18811154	0.43744839	0.48009669	0.57644435	0.49556909	0.52388032	0.73553120	0.53113559
tibet	0.18268969	0.15052062	0.09872469	0.17529730	0.19508658	0.20486138	0.15246447	0.09144558	0.12885196	0.24842712	0.17737957	0.15723013	0.15116013	0.00000000	0.18042527	0.12454284	0.20995155	0.11584728	0.77841296	0.17937770	0.38658717	0.52234535	0.47103155	0.39062476	0.45580820	0.60942285	0.47874474
anhui	0.10890659	0.03166395	0.11265683	0.06962320	0.01817439	0.02868602	0.04667356	0.09122413	0.05658458	0.13082007	0.03219814	0.02669387	0.05128176	0.18042527	0.00000000	0.07538444	0.02952664	0.07746505	0.67613370	0.16246538	0.48871097	0.43077834	0.62503477	0.54381545	0.57509896	0.78042850	0.58231196
guizhou	0.07136007	0.04582766	0.03782558	0.05145175	0.09352251	0.09029739	0.03193586	0.03853281	0.06225548	0.19438531	0.05781345	0.06679247	0.08516968	0.12454284	0.07538444	0.00000000	0.10119150	0.07618499	0.74669735	0.10442757	0.48357021	0.42336176	0.59235614	0.51116621	0.56280154	0.73393156	0.57826508
shanghai	0.11989315	0.06044852	0.13899084	0.08207239	0.01890013	0.01675172	0.07003727	0.12044624	0.08490845	0.12594353	0.04727205	0.05463272	0.07425994	0.20995155	0.02952664	0.10119150	0.00000000	0.10479794	0.65895804	0.17705263	0.50801414	0.41869658	0.65068018	0.56973925	0.59589856	0.80832094	0.60063738
ningxia	0.14476753	0.05882390	0.09399491	0.11383095	0.08694159	0.10597380	0.07822402	0.05268738	0.02192553	0.13900337	0.09168982	0.05078199	0.03570507	0.11584728	0.07746505	0.07618499	0.10479794	0.00000000	0.68858852	0.17984586	0.41845413	0.49264432	0.54774228	0.46645317	0.50228755	0.70352527	0.51297410
california	0.77787820	0.70152063	0.77834377	0.74101804	0.65869688	0.67504722	0.72247262	0.74012803	0.69091151	0.55315449	0.70515687	0.67990563	0.66470680	0.77841296	0.67613370	0.74669735	0.65895804	0.68858852	0.00000000	0.83589759	0.57008815	0.84805681	0.70230621	0.71058245	0.59109912	0.76968519	0.54449245
cambodia	0.05861827	0.14254212	0.09348750	0.09500268	0.17890498	0.16086046	0.11856106	0.13225831	0.16660627	0.29221287	0.13170281	0.16540627	0.18811154	0.17937770	0.16246538	0.10442757	0.17705263	0.17984586	0.83589759	0.00000000	0.56488395	0.34296815	0.63944884	0.56186224	0.63502109	0.75332005	0.65781832
sweden	0.55432001	0.47712915	0.47538122	0.53048055	0.48954776	0.51626529	0.49583181	0.44564437	0.43998403	0.42284030	0.50964726	0.46410396	0.43744839	0.38658717	0.48871097	0.48357021	0.50801414	0.41845413	0.57008815	0.56488395	0.00000000	0.90591555	0.19646781	0.15446297	0.09149094	0.36571490	0.09474565
australia	0.35216237	0.43556750	0.43063251	0.37886837	0.43502933	0.40643311	0.41442259	0.46079540	0.47212143	0.53352262	0.40473696	0.45216150	0.48009669	0.52234535	0.43077834	0.42336176	0.41869658	0.49264432	0.84805681	0.34296815	0.90591555	0.00000000	0.95909997	0.89144438	0.97767850	0.99360421	1.00000000
tunisia	0.65358806	0.60375692	0.56974905	0.64379265	0.63190983	0.65366227	0.61507536	0.55490101	0.56925419	0.59536065	0.63603844	0.59836551	0.57644435	0.47103155	0.62503477	0.59235614	0.65068018	0.54774228	0.70230621	0.63944884	0.19646781	0.95909997	0.00000000	0.08148673	0.12420906	0.17396145	0.16605102
greece	0.57331337	0.52229376	0.48932409	0.56257496	0.55102552	0.57241123	0.53362513	0.47357810	0.48790714	0.52011701	0.55455404	0.51713134	0.49556909	0.39062476	0.54381545	0.51116621	0.56973925	0.46645317	0.71058245	0.56186224	0.15446297	0.89144438	0.08148673	0.00000000	0.12227789	0.24716435	0.16863176
belgium	0.63199926	0.56109478	0.55007627	0.61173055	0.57721212	0.60316097	0.57815513	0.52433630	0.52411637	0.51425582	0.59397122	0.54975392	0.52388032	0.45580820	0.57509896	0.56280154	0.59589856	0.50228755	0.59109912	0.63502109	0.09149094	0.97767850	0.12420906	0.12227789	0.00000000	0.28098676	0.04672194
burkina_faso	0.78360655	0.75495283	0.70443443	0.78412710	0.79023362	0.80818037	0.76125259	0.69965675	0.72385677	0.76723003	0.78509738	0.75401460	0.73553120	0.60942285	0.78042850	0.73393156	0.80832094	0.70352527	0.76968519	0.75332005	0.36571490	0.99360421	0.17396145	0.24716435	0.28098676	0.00000000	0.30992792
united_kingdom	0.64891449	0.57156210	0.56938224	0.62520846	0.58238644	0.60953625	0.59049829	0.54027341	0.53442281	0.50853822	0.60395933	0.55806894	0.53113559	0.47874474	0.58231196	0.57826508	0.60063738	0.51297410	0.54449245	0.65781832	0.09474565	1.00000000	0.16605102	0.16863176	0.04672194	0.30992792	0.00000000
